>> clear all
>> load carssample.mat
>> weight = carssampleupdated.Weight

weight =

        1649
        1755
        1760
        1773
        1795
        1795
        1800
        1800
        1836
        1850
        1965
        1965
        1968
        2045
        2045
        2046
        2050
        2100
        2135
        2155
        2171
        2205
        2210
        2226
        2228
        2234
        2245
        2265
        2265
        2278
        2279
        2290
        2310
        2350
        2372
        2380
        2395
        2451
        2489
        2506
        2515
        2560
        2565
        2587
        2600
        2625
        2639
        2665
        2702
        2711
        2720
        2755
        2790
        2807
        2835
        2865
        2870
        2875
        2890
        2900
        2905
        2930
        2965
        2984
        3012
        3021
        3060
        3139
        3158
        3169
        3205
        3250
        3302
        3449
        3525
        3530
        3574
        3725
        3820
        3870
        4042
        4054
        4129
        4141
        4154
        4215
        4294
        4335
        4341
        4363
        4615
        4638
        4657
        4746
        4906

>> mpg = carssampleupdated.MPG

mpg =

   31.0000
   39.1000
   35.1000
   31.0000
   33.0000
   33.0000
   36.1000
   36.1000
   32.0000
   44.6000
   38.0000
   32.0000
   38.1000
   34.4000
   31.5000
   25.0000
   37.7000
   27.0000
   29.5000
   28.0000
   29.0000
   36.0000
   33.7000
   21.0000
   25.0000
   26.0000
   34.0000
   26.0000
   32.2000
   24.0000
   20.0000
   32.4000
   19.0000
   32.4000
   24.0000
   29.9000
   22.0000
   26.0000
   24.0000
   23.0000
   21.1000
   27.5000
   26.5000
   21.0000
   21.5000
   28.0000
   23.0000
   32.0000
   24.0000
   29.8000
   25.1000
   25.5000
   27.0000
   20.0000
   22.0000
   24.0000
   26.4000
   21.0000
   22.3000
   25.4000
   23.6000
   19.0000
   20.2000
   18.0000
   24.0000
   18.0000
   20.2000
   18.0000
   15.0000
   13.0000
   18.1000
   30.0000
   19.0000
   17.0000
   18.5000
   25.4000
   18.0000
   17.6000
   16.5000
   13.0000
   14.0000
   15.5000
   14.0000
   16.0000
   14.0000
   14.5000
   13.0000
   16.0000
   15.0000
   13.0000
   10.0000
   14.0000
   14.0000
   13.0000
   12.0000

>> manufacturer = carssampleupdated.Manufacturer

manufacturer = 

  95×1 categorical array

     toyota 
     toyota 
     honda 
     toyota 
     honda 
     honda 
     ford 
     honda 
     toyota 
     honda 
     honda 
     honda 
     toyota 
     ford 
     honda 
     ford 
     toyota 
     toyota 
     honda 
     toyota 
     toyota 
     honda 
     honda 
     ford 
     toyota 
     bmw 
     toyota 
     toyota 
     toyota 
     toyota 
     toyota 
     honda 
     ford 
     toyota 
     toyota 
     ford 
     ford 
     ford 
     honda 
     toyota 
     toyota 
     toyota 
     ford 
     ford 
     bmw 
     ford 
     ford 
     toyota 
     toyota 
     toyota 
     ford 
     ford 
     ford 
     toyota 
     ford 
     ford 
     ford 
     ford 
     ford 
     toyota 
     ford 
     toyota 
     ford 
     ford 
     ford 
     ford 
     ford 
     ford 
     ford 
     ford 
     ford 
     mercedes 
     ford 
     ford 
     ford 
     mercedes 
     ford 
     ford 
     mercedes 
     ford 
     ford 
     ford 
     ford 
     ford 
     ford 
     ford 
     ford 
     ford 
     ford 
     ford 
     ford 
     ford 
     ford 
     ford 
     ford 

>> scatter(weight,mpg)
>> scatter(weight,mpg,'filled')
>> sz = linspace(1,100,200)

sz =

  Columns 1 through 12

    1.0000    1.4975    1.9950    2.4925    2.9899    3.4874    3.9849    4.4824    4.9799    5.4774    5.9749    6.4724

  Columns 13 through 24

    6.9698    7.4673    7.9648    8.4623    8.9598    9.4573    9.9548   10.4523   10.9497   11.4472   11.9447   12.4422

  Columns 25 through 36

   12.9397   13.4372   13.9347   14.4322   14.9296   15.4271   15.9246   16.4221   16.9196   17.4171   17.9146   18.4121

  Columns 37 through 48

   18.9095   19.4070   19.9045   20.4020   20.8995   21.3970   21.8945   22.3920   22.8894   23.3869   23.8844   24.3819

  Columns 49 through 60

   24.8794   25.3769   25.8744   26.3719   26.8693   27.3668   27.8643   28.3618   28.8593   29.3568   29.8543   30.3518

  Columns 61 through 72

   30.8492   31.3467   31.8442   32.3417   32.8392   33.3367   33.8342   34.3317   34.8291   35.3266   35.8241   36.3216

  Columns 73 through 84

   36.8191   37.3166   37.8141   38.3116   38.8090   39.3065   39.8040   40.3015   40.7990   41.2965   41.7940   42.2915

  Columns 85 through 96

   42.7889   43.2864   43.7839   44.2814   44.7789   45.2764   45.7739   46.2714   46.7688   47.2663   47.7638   48.2613

  Columns 97 through 108

   48.7588   49.2563   49.7538   50.2513   50.7487   51.2462   51.7437   52.2412   52.7387   53.2362   53.7337   54.2312

  Columns 109 through 120

   54.7286   55.2261   55.7236   56.2211   56.7186   57.2161   57.7136   58.2111   58.7085   59.2060   59.7035   60.2010

  Columns 121 through 132

   60.6985   61.1960   61.6935   62.1910   62.6884   63.1859   63.6834   64.1809   64.6784   65.1759   65.6734   66.1709

  Columns 133 through 144

   66.6683   67.1658   67.6633   68.1608   68.6583   69.1558   69.6533   70.1508   70.6482   71.1457   71.6432   72.1407

  Columns 145 through 156

   72.6382   73.1357   73.6332   74.1307   74.6281   75.1256   75.6231   76.1206   76.6181   77.1156   77.6131   78.1106

  Columns 157 through 168

   78.6080   79.1055   79.6030   80.1005   80.5980   81.0955   81.5930   82.0905   82.5879   83.0854   83.5829   84.0804

  Columns 169 through 180

   84.5779   85.0754   85.5729   86.0704   86.5678   87.0653   87.5628   88.0603   88.5578   89.0553   89.5528   90.0503

  Columns 181 through 192

   90.5477   91.0452   91.5427   92.0402   92.5377   93.0352   93.5327   94.0302   94.5276   95.0251   95.5226   96.0201

  Columns 193 through 200

   96.5176   97.0151   97.5126   98.0101   98.5075   99.0050   99.5025  100.0000

>> scatter(weight,mpg,sz,'filled')
Error using scatter (line 93)
S must be a scalar or a vector of the same length as X.
 
>> scatter(weight,mpg,sz)
Error using scatter (line 93)
S must be a scalar or a vector of the same length as X.
 
>> sz = linspace(1500,5000,95)

sz =

   1.0e+03 *

  Columns 1 through 12

    1.5000    1.5372    1.5745    1.6117    1.6489    1.6862    1.7234    1.7606    1.7979    1.8351    1.8723    1.9096

  Columns 13 through 24

    1.9468    1.9840    2.0213    2.0585    2.0957    2.1330    2.1702    2.2074    2.2447    2.2819    2.3191    2.3564

  Columns 25 through 36

    2.3936    2.4309    2.4681    2.5053    2.5426    2.5798    2.6170    2.6543    2.6915    2.7287    2.7660    2.8032

  Columns 37 through 48

    2.8404    2.8777    2.9149    2.9521    2.9894    3.0266    3.0638    3.1011    3.1383    3.1755    3.2128    3.2500

  Columns 49 through 60

    3.2872    3.3245    3.3617    3.3989    3.4362    3.4734    3.5106    3.5479    3.5851    3.6223    3.6596    3.6968

  Columns 61 through 72

    3.7340    3.7713    3.8085    3.8457    3.8830    3.9202    3.9574    3.9947    4.0319    4.0691    4.1064    4.1436

  Columns 73 through 84

    4.1809    4.2181    4.2553    4.2926    4.3298    4.3670    4.4043    4.4415    4.4787    4.5160    4.5532    4.5904

  Columns 85 through 95

    4.6277    4.6649    4.7021    4.7394    4.7766    4.8138    4.8511    4.8883    4.9255    4.9628    5.0000

>> scatter(weight,mpg,sz)
>> sz = linspace(0,100,95)

sz =

  Columns 1 through 12

         0    1.0638    2.1277    3.1915    4.2553    5.3191    6.3830    7.4468    8.5106    9.5745   10.6383   11.7021

  Columns 13 through 24

   12.7660   13.8298   14.8936   15.9574   17.0213   18.0851   19.1489   20.2128   21.2766   22.3404   23.4043   24.4681

